100 10 
0.02909866073351114 -0.007100895096598934 -0.06254036020516358 0.01419998286610126 0.017331887624723465 0.03251567354458214 -0.021493800149240978 0.019941396587590084 0.09512296777918379 -0.06469834370950005
0.0013894847482750796 0.01663050217499613 0.044955222848204676 -0.01781432330680737 0.0072498805240656305 -0.028626767809078024 -0.010226280129213216 -0.005150188779758394 -0.03449130496123791 0.011647937117791054
0.009091008188909873 0.016361650294163563 0.014533293928917577 -0.04063495383574184 0.006039370108978021 -0.011528608019236688 0.007598356929683053 0.0019958467625999636 -0.003181024845935845 -0.019676950123488142
-0.002381004143040509 0.02282301895036067 -0.002369968639312559 0.00216120624515701 0.013436678614654562 -0.01962960132377433 0.014236625700199958 0.021091286100020794 -0.003908443881164099 -0.021490850218666684
-0.021967015223733847 0.003248479593369384 -0.04657116979735313 0.025886064892192737 0.020039175952437933 0.03981358064701156 0.004601245371637743 -0.03915530609966973 0.0035332900119498995 -0.033039155642051794
-0.0023835000898076277 0.02370145476352092 0.024863032190825095 0.016268539424100694 0.024637972251860554 -0.024780864395865253 0.010625657853778139 -0.001971503230432188 -0.02666797776571342 0.015251544657298539
-0.011542135357650583 0.005125595540758251 0.018080680321254226 0.02272344764095564 -0.006865582396866658 -0.003178426456437148 -9.703639465627341E-4 -0.008721994580395784 -0.029384775590274043 -0.011100951935346342
0.046514501085695235 0.001693818562039992 -0.007997500740118476 -0.013345803357894976 -0.028303500571929183 0.07225317737712834 -0.0022184521459438795 0.021840452633169905 -0.05642642913534333 -0.05704499633847445
-0.006332611933483668 0.012378169249315701 -0.00882725339757115 -0.0070653647930302675 -0.0063559641537870495 0.015819241880584377 0.017049654267685416 0.01889727934642033 -0.03993881858244648 0.017304293824131064
0.009605280851734321 -3.1295174827337686E-4 -0.020001377020628524 0.004588813080330388 0.01768590987341817 0.014777038375716391 0.001231027973117736 -0.0037486483208218815 0.009427513050602751 0.019060728566249935
-0.002076848453038536 0.07508895405582439 -0.07839434232038825 0.12243774624987129 0.0302074894481608 0.1709293196111206 0.017286724566020605 0.10138295588986208 -0.2829295043442187 -0.04758845670180103
4.204704041568541E-4 -0.029609878881631965 -0.012436820136237174 -0.09372327969449432 -0.0179938421456614 -0.03575530060429367 -0.019824913374726843 0.43632999536143896 0.01835867545767925 -0.2774701657728974
-0.023692193019253575 -0.014925190409331395 -0.0618588899705455 0.03466453830235858 -0.04333899898036419 0.06088064961825334 -0.04690190034817007 0.002920419687718824 0.06731809844291546 0.019958315799460252
-0.01475548325425677 -0.014129191120649908 -0.00886435261325332 -0.03704330243666189 -0.017314965246477847 0.05983374919201138 -0.005086977439944435 -0.017206230388920545 0.008570003440352076 0.03881144074174694
0.022931433266429196 -0.012862656162614807 0.012722170830021452 -0.0389721357558571 0.014184722774994564 0.02750993665975568 0.006747886479917779 0.0020586113273438657 0.019042394637799786 -0.04069262891979158
0.020352253082660317 -0.5652917048675122 0.01729198362369201 0.10458472036036978 0.0402259081267294 0.03303224124434743 0.060021290636518516 0.09317294893307644 0.19513991757806406 0.03936867949731264
0.003986175031004785 -0.008498585389975801 -0.004204402191725286 -0.007505792258192142 -0.009799186419791937 0.016909352494150397 0.0018259814363089742 -0.023398918651998894 -0.0019988980686845115 0.0013937178598670901
0.002132921072984311 -0.007927393982950339 0.024517180971565713 0.018155605806982812 -0.029749685372626292 -0.03473213240732469 0.027590900474785116 0.01793868095796206 -0.06843048017005035 0.04793309394788758
6.22771750381925E-4 0.006433494872607442 -0.03655483004499778 0.05032236282538003 0.012665650346293678 0.07923449489480716 -0.033801580897797744 0.1321792690934429 -0.09753453261723913 -0.11647353591524613
-0.025138938687241316 -0.12216063637882296 0.16737282224721955 -0.08175589729268562 -0.1771225070788327 -0.027811584171497063 -0.07904058233987411 -0.22226560767432912 -0.01604707375391131 0.46309152334497894
-0.04067517062265461 -4.0496139622387984E-4 -0.055827543438925445 -0.06712014443613858 0.0031465730862573885 -0.13633931933893223 -0.005758566703374171 0.089200818867643 -0.16738764937709616 0.39541378945068606
0.009888246040909533 -9.652765503057797E-4 -0.027458288747437505 0.005847686539181338 0.015669686640230638 0.014836609296838813 2.7071101473247016E-4 0.002475103401301636 -0.0391074805989646 -0.003014828070876715
-0.005836141368265191 0.008470420631250792 -0.007223922506248772 -0.001731065422982473 0.01011856350548659 -0.0037575231077840486 -0.001305713758876445 0.011114458334759327 -0.01869439891721078 -0.01171083055766565
0.008658199797374594 0.010766838916427924 -0.03189301764357359 0.03458643478318191 0.0161685072376476 -0.014646868746409032 -0.016054741946283754 0.0072128982565548595 0.007690834153198697 -0.018125921991108906
0.021361605327361477 -0.005875985421811892 -0.06282121794714327 0.002789553297612928 -0.003618080903048223 -0.03169412835726282 0.02581149021954762 -0.03806121981831165 -0.003651045545305636 0.07311871465366289
0.008925302083895746 -1.2262212737727167E-4 0.01783696213384206 -0.011453214123275237 -9.324260677347075E-4 -0.0407551717345501 -0.0139586962065886 -0.02111699120874202 0.026407501862064788 0.034087910305559584
-0.48442787043124175 0.034930645853519196 0.09234078011167038 0.052054881538908006 0.04807377849901775 0.15702517691881446 0.08782672912214358 0.00781299129935571 0.05597010235723773 0.0305796140786979
0.017264764080415666 0.010478454678615513 -0.002970906173695509 0.044390567251325695 -0.02862301243037782 0.007032617260762296 -0.0014166728980104834 0.0179087736324002 -0.05844543121766499 0.0020166844102455137
0.008925479130562334 0.0016456893985422852 0.0037926018836215414 0.006221396933237383 -0.03470470198452779 -0.018754897048641115 0.011991671116319299 0.017774903698250077 -0.01764103722713297 0.004693941851515744
0.024035592462974906 -0.02651478762254436 -0.06507574737201025 -0.0358027386332625 -0.01935797765157407 0.18495149616448153 0.01771505773314349 -0.007505747543907462 -0.1644868345058967 0.04350838415170162
0.05172825249352004 0.0023551940684846655 0.07606111627773392 -0.0012199684769311305 0.06788015429296702 -0.035276702429068184 0.08179999487447896 -0.024948275992817886 -0.18613133276338134 0.003032645132472069
0.001055757735179423 0.03177846606073308 0.005481447999845355 -0.01015279490903904 0.011872218826887812 -0.002382273351523329 0.009234625173801345 0.00878355245989761 -0.008982279290470824 -0.006480999134105098
-0.03117880283231081 -0.029816390787641332 0.0579736453471848 -0.004737386171497265 -0.02591798752937796 0.015577437527997761 -0.05097711874825535 0.006497717456450884 0.012045394611412807 0.004479943498331594
0.018028738608627533 -0.026870646962348272 -0.1009093958494982 0.01998998741359949 -5.061653539536748E-4 0.007640407044513017 0.03999073068979651 -0.024026660471557094 -0.0062266999765657575 0.041158278173034905
-0.004645646825043862 0.027816096071863493 0.02860038720632187 0.010884944630311704 -6.595314371385297E-4 -0.003898898455186494 0.01528294990513933 0.02543833290515731 -0.0649787110944832 -0.0034629063329041734
0.0459259359836272 0.0037422908188006164 -0.05286123803276136 0.02917281349589401 -0.03429599202999024 0.02222873685604154 0.009524637648762954 0.0014401589663285115 -0.025660201023832974 0.002211427266774971
0.007835682068445147 0.023749436494629447 0.0017189171926771094 0.026417789915376105 -0.007351394045256387 0.02432509827004169 0.006749085410691296 0.009386569815990271 -0.0486224463345237 -0.04204529035706969
-7.301296117737592E-4 0.021895101430185443 -0.023743030228555027 -0.0041889189091517415 0.031555364795589576 -0.021157517822963413 0.01121106981549623 0.009747223761132916 0.02293070682070937 -1.2097222908391017E-4
0.02742173363511997 0.042484984792829604 0.04203433513904342 0.08516119865935567 -0.015039289693917077 0.06571662117542477 0.02974789234025049 -0.004984066998502502 -0.11601244525465014 -0.07738789800951872
-0.03207303422441794 0.017240575509442656 0.012330071493703349 0.01786529005692364 -0.005487064878524643 5.210479866637409E-4 0.011030591079925616 -0.014627541876115632 -0.03851605389296456 0.010816286775340841
-0.004521403837392676 0.009505533425590544 -0.0068962488113895595 0.021574082970011694 0.02408067856245824 -0.052721730754204305 -0.011351596660742726 0.01214847989443336 0.03288341873651445 -0.016486865348509065
0.011478288686247912 0.005592642747163459 -0.007829212333166408 -0.005810829107103962 -0.012413968713282318 -0.044788509434739936 0.02710989318332232 3.148265395890813E-4 0.0120586394154161 0.017047021923572672
0.015426274554014529 0.04081000227657603 0.06651850247509995 -0.048646923088283334 0.04582708959248806 -0.03259473250052135 0.039715780787579744 -0.013407621377686214 -0.0017033555097054243 -0.03578535178953753
0.0054573505451652226 0.01656627653055134 -0.020961473477887488 0.007381382767143068 -8.224914063243769E-4 0.03174793914672655 0.027780936716791528 -0.03718388819533844 -0.019615370642298197 -0.001634927601667562
0.026730119605899435 -0.028670756621837885 0.02270112593989646 -0.04097376820146533 0.0646641078738487 -0.03458469595637893 -0.0050866690182855764 -0.08509965600689072 0.03089631942711545 0.04573922394632361
0.022454680541367292 -0.012608610640778872 -1.9881882429716557E-4 -0.0322239066820337 0.01960366513359951 -0.019804678292145397 0.0215538724363248 0.03365015795237908 -0.11060843705505725 0.03623204194853464
-0.02153510345437272 -0.02576969986188788 0.0010422090306096098 0.018120576524617647 0.003506566974005003 -0.032472262091737064 -0.033662330377985404 -0.01751855947182259 0.03972191702040235 0.030556480470498946
-0.007528565689054738 -0.0168150954892528 -0.00565946180946481 -0.001207696277070929 -0.003595335498250207 0.02422254900780657 -0.03502255936502414 -0.006807696945657607 0.011778655506750163 -0.006905981971566243
-0.028465321013697024 0.011240258635025648 -0.014756031841292382 0.018985756875409994 -0.044518923842315955 -0.012700741410941293 -0.0020498650219521824 0.0018726049818297294 0.049028618728396776 0.009488463422557276
-0.014120991509274438 0.007802378478778722 0.011172287291764942 -0.0036531134600039004 -5.640044628389694E-4 0.011010594861157177 -0.008488014081690124 -0.024537318079019682 -0.0031918027810253127 0.02410134461313371
0.0379648413162424 0.020313108525653042 0.03997172451796269 0.01670104370062965 0.02337831581251349 -0.03873103557350204 0.015547351389152152 0.04750498781579779 -0.020173206932447806 -0.054469040499106586
0.005131311373805886 -0.02185383746629174 0.013182271448408618 -0.0010837342853602914 0.0018020586470457933 -0.007053469820588484 -0.005170386485290235 3.9722352278413666E-4 0.003276497566101306 0.004103343453458852
0.014713686923988271 0.043923069663018344 0.044970743201077294 -0.026379838609619836 0.017275072209607965 0.029638460293285616 0.009636580001189944 -9.096869815253616E-4 -0.017852703486638262 -0.028394143329412622
0.021079589847631714 0.02426846401347858 -0.021642376982350345 -0.024165816553672812 0.011203631370260564 0.04820413578794219 0.004486977378085349 0.018674123363011694 -0.03020978540852012 -0.023502797532741242
-0.0015740800639554315 -0.007951482406293247 0.046984773405482794 -0.013540903752100913 -0.003604589922418418 0.014719344869184463 -0.030728668682248675 0.035534116713362686 -0.029150978891344183 -9.366192353149805E-4
-0.004650878357696877 -0.0110354362463004 0.04010398156715223 -0.006169774056362621 -0.009572451188924145 -0.020937597661495753 0.0035483152574962117 -0.009455548371229916 -0.025146890154721973 0.020762239310932684
0.00720679524220584 0.023154775700201892 -0.003166824422119424 -6.844972876196113E-4 -0.016794785980098974 -0.003743290515525821 0.009789980915468458 0.010862385033311014 -0.0021623087621175734 -0.0019635258895298892
-0.030230205043790224 -0.023446799789768755 -0.10029754297960565 -0.07865799328522564 -0.013451707914155876 -0.036828029708593474 -0.04044935257736863 -0.021321727108114037 0.3036714230739234 0.0017028323117217721
-0.04099983391188034 -0.05236876278529327 -0.057522239683148936 0.05701187120212009 0.010923267689056224 -0.11908493056670887 -0.03227586585941756 0.03881885401763293 0.23627158696427672 -0.07085802473791958
-5.271193600651233E-4 -0.008820120006255656 -0.0232545392133022 -0.0038864307243133773 -0.01050934348284495 -0.021739311898178813 0.00365451650413238 -0.006125506971742206 0.005459835677049449 0.03045705397771846
0.01569232924939616 0.008680524257555704 0.06436306722399926 0.0128550153637937 -0.03117518770958137 -0.018669223835196723 0.03880959575740081 -0.02452537573249341 -0.1426656960901801 0.0909355926378356
0.005700811548525375 0.017502081366179468 -0.014204051447307095 -0.0057777048295988296 -0.007907068041392202 0.00549654536037542 0.027918380586299626 -0.03238567032361508 -0.024402172053670356 0.03779502058297645
0.029027093044516956 0.030003819955389505 0.0365853864043388 0.011621634876055638 0.015699847315202534 0.12068237801707059 -0.0208790792423206 0.005260731181980165 -0.1518669764149073 -0.02036442632394885
0.002050311634446748 -0.027774540852869168 0.011949902012187144 0.0026841594096931507 0.5377393395564861 0.0033747398855145795 -0.05721637276149976 -0.05405450651810029 -0.03657803475988394 -0.4145093973188605
0.007952396240470373 0.025229143617547634 0.0182912561730216 0.025337639699713782 8.03912416637318E-5 -0.002896735704726181 -0.0033292101741598783 -0.016207657833968152 -0.014798747164989731 -3.117432720975606E-5
-0.008224895642903662 -0.00258375109474246 0.04121784464714339 -4.2948905825742283E-4 -0.01152713600464303 0.05307029464963388 0.002935320327036903 -0.020861059473028513 -0.05929575993018319 0.0072119947765485045
-0.0017694349270338152 -0.023295259481548463 -0.013345992688387976 0.007389156241889302 3.5141915437908797E-4 0.0026253518339094182 -0.009215338883044787 -0.021159490603832723 0.023123329143688233 0.009378281073440646
0.04683437513319277 0.03459943862973483 -0.4478647129512987 0.09456602721082918 0.02039046750777083 0.048007787969569005 0.08235603436654096 0.015646290586465262 0.15792913536064607 0.006449263196594098
-0.016249595065648288 0.009269965868280813 -0.05164987883520253 0.01828334369499818 0.03333710776506987 0.020516908340963216 -0.005267580411326136 -0.007847198586531238 0.014264784929556773 -0.019426175706895196
-0.005915478843894348 -0.06008251540921819 0.028893232420325307 -0.09675796696785106 0.00949445505968367 0.05205869763316588 -0.030844830679657518 0.026957739763314396 0.13727319365405752 -0.06491712935738353
-0.007678228598569577 -0.01831179957664401 -0.006846939717840589 0.020223686061538515 -0.020085268273028173 0.035825503786467434 -0.01796924500652051 -0.005608996689547198 -0.025702918952786737 0.005439828687682414
0.008576208582411272 -0.029480432924098188 -0.02682057711904423 -0.0035128784526958874 0.03148351398340839 -0.014342404137944038 0.01300772429518357 0.006470139817835634 0.008571418221394114 0.024072024401893457
0.01442309365716994 0.030777218553963898 0.04942435834447099 0.009064191707186994 0.006507813841020349 -0.032173784919447675 -7.12236072214662E-4 0.00956796416796527 -0.028322582653476418 -0.009239844085890493
-0.11604430539621474 -0.1304187904738584 -0.1152214281914545 -0.05254236630862457 -0.15085491590657318 -0.22806326428662815 -0.021034069164380536 -0.16358061050023937 0.5944714970042085 0.020885218343767834
-0.0028924480924657414 -0.06172008968304163 -0.024494341395163544 0.026353785180256127 -0.02175884238319362 0.04543566199653297 0.023786591363101895 -0.014732531646754147 -0.06611906667801588 0.03923162070106876
-0.013125184558615825 -0.025568064988891068 0.003334840502059671 -0.021526204052104293 -0.00442124453926994 -0.00784767678018136 0.004529991346053266 -0.007587558936970943 0.008826991803622388 0.004069735045073397
0.005919137358414608 0.001909854643831908 0.0035763498149203876 -0.004293916511086494 0.012865562259754826 -0.015388004616123144 0.023533680009018322 0.01550549609566255 0.04192405886356963 -0.023568422750533693
-0.047875683040690654 -0.046416679865358024 0.16336196229362374 -0.05286006935978023 -0.10839303918708237 0.04235196990433121 -0.07242437523162552 -0.12564758820318633 0.17558043241615218 0.01886971331282746
-0.008056292285821678 0.006670106472943866 -0.022295362962207937 0.03456870353699347 -0.01622048132451607 -0.014157161332654409 -0.0051313208499164575 -0.011234359107502713 0.023809250367034084 -0.004602784659272504
-0.012871177340629638 -0.006616669106426862 -0.003023609861809759 0.018494642468344227 -0.006310752811808189 0.015067600590282096 -0.021103114763598187 4.2024798392424433E-4 0.015089917214341261 -0.015458758821040254
-0.0019514402676619473 -0.04095824885813734 -0.02639652969974537 0.0022782291427557045 0.01054560080984813 -0.024115724018406615 -0.006298937107340689 -0.022913214118981437 0.034811858340574715 -0.004153892256323824
0.004353520256079086 0.004148107279547936 0.002009651081461746 -0.06706606382572051 0.031004315552008607 -0.032882987912513074 0.03598485534476282 -0.033827082086881656 0.07795321587532776 -0.00901399826721666
-0.015974272850011774 -0.02418668182195046 -0.06084424630316985 0.029296557157185144 0.06666792098539807 -0.0977299285536137 0.009684176121017428 -0.032652258710066245 -0.017763296646881303 0.04963379442995427
0.02102011742800824 -0.02696399004770479 0.10662561316794443 -0.002673210528907999 -0.04125909115405937 0.12603891322420757 0.017833108893995656 0.035682656041059274 -0.20093054615407396 -0.022162219235734984
0.016645018664853063 -0.005553135986404597 -0.029189545073332265 0.01914648434522852 -0.009503201763106131 -0.002261480251498122 0.012310518567623793 0.005706649409897106 0.01788098625811888 -0.0016150811767628036
3.963048252791031E-4 0.02375849238596671 0.06408220344335723 0.04972377237342743 -0.03239558079960523 -0.14849424837066427 0.008680942365309889 0.03235688340009527 0.1406625907348066 -0.12006432022799508
-0.011821699153858807 -0.007060709610794877 0.020478539553541116 0.010276496302739146 0.0035914617332900817 -0.1902381470691457 -0.02633146106365638 0.07051747678678655 0.08742888533155499 0.018287723244739474
0.025161223653893953 0.03323419476633176 0.06463853736003529 -0.5104032546646274 0.005159633623425077 0.18662693391880128 0.024886370538912857 0.023210822251050315 0.15339254806013958 0.055309692826469546
0.17039767264413827 0.05667219171569716 0.11343339586120622 -0.04122973395546196 0.10811690951827448 -0.24638164513252328 0.1651696806654878 0.1664628973490224 -0.14782047526444192 -0.20757861381542292
-0.06928707124227271 -0.036859162446580676 -0.07839940731478283 -0.033486895210174825 -0.07083910975674779 -0.10362393877131641 0.5078587731865544 -0.016286545284760354 -0.11854674701330085 -0.022050906742966538
-0.007183327295399742 -0.026129639769233534 -0.0378579447686573 0.01893054392997502 0.008514769417582566 0.058908551551530866 -0.04248469393572385 -0.04359283953873662 -0.028470411641467457 0.027566482444747225
0.011171856706085313 0.01591863407150696 0.01105376874556581 -0.04939658988188707 0.023189345541193396 0.02298387467844081 0.004095867943440215 -0.010595045609664051 -0.007650200407438209 0.011205888316197444
0.019272015113628964 -1.8303423495309674E-4 0.054810936516767474 -0.037263548934000225 -0.029934507302779807 -0.005037817897392888 0.022679922531563843 -0.006686494758239545 -0.030041410740946437 -0.014598955855527767
0.01799044655347247 0.051125913731942446 0.02058440228462275 0.010654614948313042 0.016992465946836625 -0.02264502160491944 -0.016128147957419164 -0.03320091933839508 0.012449058966461618 -0.014502279735926932
0.00771055901393429 -0.0013302223812693581 -0.020085072002061395 0.0036256472520454614 -0.024249669577342134 -0.009111659360569384 0.007875783345013487 0.01644962550707757 0.024075419913840355 0.003513917617267268
-0.029291704275268674 -0.025001196499142026 -0.01318206544147057 -6.346168648754101E-4 6.336599373762117E-4 -0.045489416798236204 0.012825987247775889 -0.016231549439341606 0.05629485695629894 0.01096606574695663
0.03948823757255303 0.04814310135215426 0.04145378052719924 0.1028607021069119 0.03420926995148411 -0.47034357994243237 0.02732250709733365 0.02629320219574397 0.17309128813564845 0.046006803580214625
-0.014865428675423502 -0.028579738202064865 -0.0015027741883989196 0.009627943226259195 -0.01450172460613505 -0.03446048767146623 0.0590830539157125 -0.01860650149943181 -0.02825521093476622 -0.00925630068128579
-0.021712289328361542 0.0062808849060709175 0.04218122978934023 0.046903492932070794 0.0231050215384177 -0.06453905410071466 0.014677347104947941 0.2977653708384802 -0.01512156242602861 -0.33428938174054146
-0.0027033109209548887 -0.021377478754086014 0.038787293173446806 -0.04195561174826393 0.0015246481529544377 0.014034052264665958 -0.0041360630348068255 -0.017025139956646076 -0.01220340161309299 0.028134810771686992
